n=4
count=199
#1
1 2
1 3
1 4
#2
1 3
1 4
2 1
#3
1 2
1 3
1 4
2 1
#4
1 2
1 4
2 3
#5
1 3
1 4
2 3
#6
1 2
1 3
1 4
2 3
#7
1 2
1 4
2 1
2 3
#8
1 3
1 4
2 1
2 3
#9
1 2
1 3
1 4
2 1
2 3
#10
1 3
1 4
2 3
2 4
#11
1 2
1 3
1 4
2 3
2 4
#12
1 2
1 3
1 4
2 1
2 3
2 4
#13
1 4
2 1
3 1
#14
1 2
1 4
2 1
3 1
#15
1 2
1 3
1 4
2 1
3 1
#16
1 4
2 3
3 1
#17
1 2
1 4
2 3
3 1
#18
1 3
1 4
2 3
3 1
#19
1 2
1 3
1 4
2 3
3 1
#20
1 4
2 1
2 3
3 1
#21
1 2
1 4
2 1
2 3
3 1
#22
1 3
1 4
2 1
2 3
3 1
#23
1 2
1 3
1 4
2 1
2 3
3 1
#24
1 2
1 3
2 4
3 1
#25
1 4
2 4
3 1
#26
1 2
1 4
2 4
3 1
#27
1 3
1 4
2 4
3 1
#28
1 2
1 3
1 4
2 4
3 1
#29
1 3
2 1
2 4
3 1
#30
1 2
1 3
2 1
2 4
3 1
#31
1 4
2 1
2 4
3 1
#32
1 2
1 4
2 1
2 4
3 1
#33
1 3
1 4
2 1
2 4
3 1
#34
1 2
1 3
1 4
2 1
2 4
3 1
#35
1 2
1 3
2 3
2 4
3 1
#36
1 4
2 3
2 4
3 1
#37
1 2
1 4
2 3
2 4
3 1
#38
1 3
1 4
2 3
2 4
3 1
#39
1 2
1 3
1 4
2 3
2 4
3 1
#40
1 3
2 1
2 3
2 4
3 1
#41
1 2
1 3
2 1
2 3
2 4
3 1
#42
1 4
2 1
2 3
2 4
3 1
#43
1 2
1 4
2 1
2 3
2 4
3 1
#44
1 3
1 4
2 1
2 3
2 4
3 1
#45
1 2
1 3
1 4
2 1
2 3
2 4
3 1
#46
1 4
2 1
2 3
3 1
3 2
#47
1 2
1 4
2 1
2 3
3 1
3 2
#48
1 2
1 3
1 4
2 1
2 3
3 1
3 2
#49
1 4
2 4
3 1
3 2
#50
1 2
1 4
2 4
3 1
3 2
#51
1 3
1 4
2 4
3 1
3 2
#52
1 2
1 3
1 4
2 4
3 1
3 2
#53
1 2
1 4
2 1
2 4
3 1
3 2
#54
1 3
1 4
2 1
2 4
3 1
3 2
#55
1 2
1 3
1 4
2 1
2 4
3 1
3 2
#56
1 3
1 4
2 3
2 4
3 1
3 2
#57
1 2
1 3
1 4
2 3
2 4
3 1
3 2
#58
1 2
1 3
1 4
2 1
2 3
2 4
3 1
3 2
#59
1 4
2 4
3 4
#60
1 2
1 4
2 4
3 4
#61
1 2
1 3
1 4
2 4
3 4
#62
1 2
1 4
2 1
2 4
3 4
#63
1 3
1 4
2 1
2 4
3 4
#64
1 2
1 3
1 4
2 1
2 4
3 4
#65
1 3
1 4
2 3
2 4
3 4
#66
1 2
1 3
1 4
2 3
2 4
3 4
#67
1 2
1 3
1 4
2 1
2 3
2 4
3 4
#68
1 2
1 4
2 1
2 4
3 1
3 4
#69
1 2
1 3
1 4
2 1
2 4
3 1
3 4
#70
1 2
1 4
2 3
2 4
3 1
3 4
#71
1 2
1 3
1 4
2 3
2 4
3 1
3 4
#72
1 3
1 4
2 1
2 3
2 4
3 1
3 4
#73
1 2
1 3
1 4
2 1
2 3
2 4
3 1
3 4
#74
1 2
1 3
1 4
2 1
2 3
2 4
3 1
3 2
3 4
#75
1 2
2 1
3 1
4 1
#76
1 2
1 3
2 1
3 1
4 1
#77
1 2
1 3
1 4
2 1
3 1
4 1
#78
1 2
2 3
3 1
4 1
#79
1 3
2 3
3 1
4 1
#80
1 2
1 3
2 3
3 1
4 1
#81
1 4
2 3
3 1
4 1
#82
1 2
1 4
2 3
3 1
4 1
#83
1 3
1 4
2 3
3 1
4 1
#84
1 2
1 3
1 4
2 3
3 1
4 1
#85
1 2
2 1
2 3
3 1
4 1
#86
1 3
2 1
2 3
3 1
4 1
#87
1 2
1 3
2 1
2 3
3 1
4 1
#88
1 4
2 1
2 3
3 1
4 1
#89
1 2
1 4
2 1
2 3
3 1
4 1
#90
1 3
1 4
2 1
2 3
3 1
4 1
#91
1 2
1 3
1 4
2 1
2 3
3 1
4 1
#92
1 2
2 3
2 4
3 1
4 1
#93
1 3
2 3
2 4
3 1
4 1
#94
1 2
1 3
2 3
2 4
3 1
4 1
#95
1 3
1 4
2 3
2 4
3 1
4 1
#96
1 2
1 3
1 4
2 3
2 4
3 1
4 1
#97
1 2
2 1
2 3
2 4
3 1
4 1
#98
1 3
2 1
2 3
2 4
3 1
4 1
#99
1 2
1 3
2 1
2 3
2 4
3 1
4 1
#100
1 3
1 4
2 1
2 3
2 4
3 1
4 1
#101
1 2
1 3
1 4
2 1
2 3
2 4
3 1
4 1
#102
1 2
1 3
2 3
3 2
4 1
#103
1 2
1 4
2 3
3 2
4 1
#104
1 2
1 3
1 4
2 3
3 2
4 1
#105
1 3
2 1
2 3
3 2
4 1
#106
1 2
1 3
2 1
2 3
3 2
4 1
#107
1 2
1 4
2 1
2 3
3 2
4 1
#108
1 3
1 4
2 1
2 3
3 2
4 1
#109
1 2
1 3
1 4
2 1
2 3
3 2
4 1
#110
1 3
2 4
3 2
4 1
#111
1 2
1 3
2 4
3 2
4 1
#112
1 3
1 4
2 4
3 2
4 1
#113
1 2
1 3
1 4
2 4
3 2
4 1
#114
1 2
1 3
2 1
2 4
3 2
4 1
#115
1 3
1 4
2 1
2 4
3 2
4 1
#116
1 2
1 3
1 4
2 1
2 4
3 2
4 1
#117
1 3
1 4
2 3
2 4
3 2
4 1
#118
1 2
1 3
1 4
2 3
2 4
3 2
4 1
#119
1 2
1 3
1 4
2 1
2 3
2 4
3 2
4 1
#120
1 2
2 1
2 3
3 1
3 2
4 1
#121
1 2
1 3
2 1
2 3
3 1
3 2
4 1
#122
1 4
2 1
2 3
3 1
3 2
4 1
#123
1 2
1 4
2 1
2 3
3 1
3 2
4 1
#124
1 2
1 3
1 4
2 1
2 3
3 1
3 2
4 1
#125
1 2
2 4
3 1
3 2
4 1
#126
1 2
1 3
2 4
3 1
3 2
4 1
#127
1 2
1 4
2 4
3 1
3 2
4 1
#128
1 3
1 4
2 4
3 1
3 2
4 1
#129
1 2
1 3
1 4
2 4
3 1
3 2
4 1
#130
1 2
2 1
2 4
3 1
3 2
4 1
#131
1 3
2 1
2 4
3 1
3 2
4 1
#132
1 2
1 3
2 1
2 4
3 1
3 2
4 1
#133
1 4
2 1
2 4
3 1
3 2
4 1
#134
1 2
1 4
2 1
2 4
3 1
3 2
4 1
#135
1 3
1 4
2 1
2 4
3 1
3 2
4 1
#136
1 2
1 3
1 4
2 1
2 4
3 1
3 2
4 1
#137
1 2
2 3
2 4
3 1
3 2
4 1
#138
1 2
1 3
2 3
2 4
3 1
3 2
4 1
#139
1 4
2 3
2 4
3 1
3 2
4 1
#140
1 2
1 4
2 3
2 4
3 1
3 2
4 1
#141
1 3
1 4
2 3
2 4
3 1
3 2
4 1
#142
1 2
1 3
1 4
2 3
2 4
3 1
3 2
4 1
#143
1 2
2 1
2 3
2 4
3 1
3 2
4 1
#144
1 3
2 1
2 3
2 4
3 1
3 2
4 1
#145
1 2
1 3
2 1
2 3
2 4
3 1
3 2
4 1
#146
1 4
2 1
2 3
2 4
3 1
3 2
4 1
#147
1 2
1 4
2 1
2 3
2 4
3 1
3 2
4 1
#148
1 3
1 4
2 1
2 3
2 4
3 1
3 2
4 1
#149
1 2
1 3
1 4
2 1
2 3
2 4
3 1
3 2
4 1
#150
1 2
1 3
2 3
2 4
3 4
4 1
#151
1 3
1 4
2 3
2 4
3 4
4 1
#152
1 2
1 3
1 4
2 3
2 4
3 4
4 1
#153
1 3
2 1
2 3
2 4
3 4
4 1
#154
1 2
1 3
2 1
2 3
2 4
3 4
4 1
#155
1 3
1 4
2 1
2 3
2 4
3 4
4 1
#156
1 2
1 3
1 4
2 1
2 3
2 4
3 4
4 1
#157
1 2
1 3
2 1
2 4
3 1
3 4
4 1
#158
1 4
2 1
2 4
3 1
3 4
4 1
#159
1 2
1 4
2 1
2 4
3 1
3 4
4 1
#160
1 2
1 3
1 4
2 1
2 4
3 1
3 4
4 1
#161
1 2
1 3
2 3
2 4
3 1
3 4
4 1
#162
1 2
1 4
2 3
2 4
3 1
3 4
4 1
#163
1 3
1 4
2 3
2 4
3 1
3 4
4 1
#164
1 2
1 3
1 4
2 3
2 4
3 1
3 4
4 1
#165
1 2
1 3
2 1
2 3
2 4
3 1
3 4
4 1
#166
1 4
2 1
2 3
2 4
3 1
3 4
4 1
#167
1 2
1 4
2 1
2 3
2 4
3 1
3 4
4 1
#168
1 3
1 4
2 1
2 3
2 4
3 1
3 4
4 1
#169
1 2
1 3
1 4
2 1
2 3
2 4
3 1
3 4
4 1
#170
1 2
1 3
2 3
2 4
3 2
3 4
4 1
#171
1 2
1 4
2 3
2 4
3 2
3 4
4 1
#172
1 2
1 3
1 4
2 3
2 4
3 2
3 4
4 1
#173
1 2
1 3
2 1
2 3
2 4
3 2
3 4
4 1
#174
1 2
1 4
2 1
2 3
2 4
3 2
3 4
4 1
#175
1 3
1 4
2 1
2 3
2 4
3 2
3 4
4 1
#176
1 2
1 3
1 4
2 1
2 3
2 4
3 2
3 4
4 1
#177
1 2
1 3
2 1
2 3
2 4
3 1
3 2
3 4
4 1
#178
1 4
2 1
2 3
2 4
3 1
3 2
3 4
4 1
#179
1 2
1 4
2 1
2 3
2 4
3 1
3 2
3 4
4 1
#180
1 2
1 3
1 4
2 1
2 3
2 4
3 1
3 2
3 4
4 1
#181
1 2
1 3
2 1
2 3
3 1
3 2
4 1
4 2
#182
1 2
1 4
2 1
2 3
3 1
3 2
4 1
4 2
#183
1 3
1 4
2 1
2 3
3 1
3 2
4 1
4 2
#184
1 2
1 3
1 4
2 1
2 3
3 1
3 2
4 1
4 2
#185
1 3
1 4
2 3
2 4
3 1
3 2
4 1
4 2
#186
1 2
1 3
1 4
2 3
2 4
3 1
3 2
4 1
4 2
#187
1 2
1 3
1 4
2 1
2 3
2 4
3 1
3 2
4 1
4 2
#188
1 2
1 3
2 1
2 3
3 1
3 4
4 1
4 2
#189
1 2
1 3
1 4
2 1
2 3
3 1
3 4
4 1
4 2
#190
1 2
1 3
2 3
2 4
3 1
3 4
4 1
4 2
#191
1 2
1 3
1 4
2 3
2 4
3 1
3 4
4 1
4 2
#192
1 2
1 4
2 1
2 3
2 4
3 1
3 4
4 1
4 2
#193
1 3
1 4
2 1
2 3
2 4
3 1
3 4
4 1
4 2
#194
1 2
1 3
1 4
2 1
2 3
2 4
3 1
3 4
4 1
4 2
#195
1 2
1 4
2 1
2 4
3 1
3 2
3 4
4 1
4 2
#196
1 2
1 3
1 4
2 1
2 4
3 1
3 2
3 4
4 1
4 2
#197
1 2
1 3
1 4
2 3
2 4
3 1
3 2
3 4
4 1
4 2
#198
1 2
1 3
1 4
2 1
2 3
2 4
3 1
3 2
3 4
4 1
4 2
#199
1 2
1 3
1 4
2 1
2 3
2 4
3 1
3 2
3 4
4 1
4 2
4 3
