n=4
count=199
#1
count=0
1 2
1 3
1 4
#2
count=0
1 3
1 4
2 1
#3
count=0
1 2
1 3
1 4
2 1
#4
count=1
1 2
1 4
2 3
#5
count=0
1 3
1 4
2 3
#6
count=0
1 2
1 3
1 4
2 3
#7
count=0
1 2
1 4
2 1
2 3
#8
count=0
1 3
1 4
2 1
2 3
#9
count=0
1 2
1 3
1 4
2 1
2 3
#10
count=0
1 3
1 4
2 3
2 4
#11
count=0
1 2
1 3
1 4
2 3
2 4
#12
count=0
1 2
1 3
1 4
2 1
2 3
2 4
#13
count=0
1 4
2 1
3 1
#14
count=0
1 2
1 4
2 1
3 1
#15
count=0
1 2
1 3
1 4
2 1
3 1
#16
count=0
1 4
2 3
3 1
#17
count=0
1 2
1 4
2 3
3 1
#18
count=0
1 3
1 4
2 3
3 1
#19
count=0
1 2
1 3
1 4
2 3
3 1
#20
count=0
1 4
2 1
2 3
3 1
#21
count=0
1 2
1 4
2 1
2 3
3 1
#22
count=0
1 3
1 4
2 1
2 3
3 1
#23
count=0
1 2
1 3
1 4
2 1
2 3
3 1
#24
count=0
1 2
1 3
2 4
3 1
#25
count=0
1 4
2 4
3 1
#26
count=0
1 2
1 4
2 4
3 1
#27
count=0
1 3
1 4
2 4
3 1
#28
count=0
1 2
1 3
1 4
2 4
3 1
#29
count=0
1 3
2 1
2 4
3 1
#30
count=0
1 2
1 3
2 1
2 4
3 1
#31
count=0
1 4
2 1
2 4
3 1
#32
count=0
1 2
1 4
2 1
2 4
3 1
#33
count=0
1 3
1 4
2 1
2 4
3 1
#34
count=0
1 2
1 3
1 4
2 1
2 4
3 1
#35
count=0
1 2
1 3
2 3
2 4
3 1
#36
count=0
1 4
2 3
2 4
3 1
#37
count=0
1 2
1 4
2 3
2 4
3 1
#38
count=0
1 3
1 4
2 3
2 4
3 1
#39
count=0
1 2
1 3
1 4
2 3
2 4
3 1
#40
count=0
1 3
2 1
2 3
2 4
3 1
#41
count=0
1 2
1 3
2 1
2 3
2 4
3 1
#42
count=0
1 4
2 1
2 3
2 4
3 1
#43
count=0
1 2
1 4
2 1
2 3
2 4
3 1
#44
count=0
1 3
1 4
2 1
2 3
2 4
3 1
#45
count=0
1 2
1 3
1 4
2 1
2 3
2 4
3 1
#46
count=0
1 4
2 1
2 3
3 1
3 2
#47
count=0
1 2
1 4
2 1
2 3
3 1
3 2
#48
count=0
1 2
1 3
1 4
2 1
2 3
3 1
3 2
#49
count=0
1 4
2 4
3 1
3 2
#50
count=0
1 2
1 4
2 4
3 1
3 2
#51
count=0
1 3
1 4
2 4
3 1
3 2
#52
count=0
1 2
1 3
1 4
2 4
3 1
3 2
#53
count=0
1 2
1 4
2 1
2 4
3 1
3 2
#54
count=0
1 3
1 4
2 1
2 4
3 1
3 2
#55
count=0
1 2
1 3
1 4
2 1
2 4
3 1
3 2
#56
count=0
1 3
1 4
2 3
2 4
3 1
3 2
#57
count=0
1 2
1 3
1 4
2 3
2 4
3 1
3 2
#58
count=0
1 2
1 3
1 4
2 1
2 3
2 4
3 1
3 2
#59
count=0
1 4
2 4
3 4
#60
count=0
1 2
1 4
2 4
3 4
#61
count=0
1 2
1 3
1 4
2 4
3 4
#62
count=0
1 2
1 4
2 1
2 4
3 4
#63
count=0
1 3
1 4
2 1
2 4
3 4
#64
count=0
1 2
1 3
1 4
2 1
2 4
3 4
#65
count=0
1 3
1 4
2 3
2 4
3 4
#66
count=0
1 2
1 3
1 4
2 3
2 4
3 4
#67
count=0
1 2
1 3
1 4
2 1
2 3
2 4
3 4
#68
count=0
1 2
1 4
2 1
2 4
3 1
3 4
#69
count=0
1 2
1 3
1 4
2 1
2 4
3 1
3 4
#70
count=0
1 2
1 4
2 3
2 4
3 1
3 4
#71
count=0
1 2
1 3
1 4
2 3
2 4
3 1
3 4
#72
count=0
1 3
1 4
2 1
2 3
2 4
3 1
3 4
#73
count=0
1 2
1 3
1 4
2 1
2 3
2 4
3 1
3 4
#74
count=0
1 2
1 3
1 4
2 1
2 3
2 4
3 1
3 2
3 4
#75
count=0
1 2
2 1
3 1
4 1
#76
count=0
1 2
1 3
2 1
3 1
4 1
#77
count=0
1 2
1 3
1 4
2 1
3 1
4 1
#78
count=0
1 2
2 3
3 1
4 1
#79
count=0
1 3
2 3
3 1
4 1
#80
count=0
1 2
1 3
2 3
3 1
4 1
#81
count=0
1 4
2 3
3 1
4 1
#82
count=0
1 2
1 4
2 3
3 1
4 1
#83
count=0
1 3
1 4
2 3
3 1
4 1
#84
count=0
1 2
1 3
1 4
2 3
3 1
4 1
#85
count=0
1 2
2 1
2 3
3 1
4 1
#86
count=0
1 3
2 1
2 3
3 1
4 1
#87
count=0
1 2
1 3
2 1
2 3
3 1
4 1
#88
count=0
1 4
2 1
2 3
3 1
4 1
#89
count=0
1 2
1 4
2 1
2 3
3 1
4 1
#90
count=0
1 3
1 4
2 1
2 3
3 1
4 1
#91
count=0
1 2
1 3
1 4
2 1
2 3
3 1
4 1
#92
count=0
1 2
2 3
2 4
3 1
4 1
#93
count=0
1 3
2 3
2 4
3 1
4 1
#94
count=0
1 2
1 3
2 3
2 4
3 1
4 1
#95
count=0
1 3
1 4
2 3
2 4
3 1
4 1
#96
count=0
1 2
1 3
1 4
2 3
2 4
3 1
4 1
#97
count=0
1 2
2 1
2 3
2 4
3 1
4 1
#98
count=0
1 3
2 1
2 3
2 4
3 1
4 1
#99
count=0
1 2
1 3
2 1
2 3
2 4
3 1
4 1
#100
count=0
1 3
1 4
2 1
2 3
2 4
3 1
4 1
#101
count=0
1 2
1 3
1 4
2 1
2 3
2 4
3 1
4 1
#102
count=0
1 2
1 3
2 3
3 2
4 1
#103
count=0
1 2
1 4
2 3
3 2
4 1
#104
count=0
1 2
1 3
1 4
2 3
3 2
4 1
#105
count=0
1 3
2 1
2 3
3 2
4 1
#106
count=0
1 2
1 3
2 1
2 3
3 2
4 1
#107
count=0
1 2
1 4
2 1
2 3
3 2
4 1
#108
count=0
1 3
1 4
2 1
2 3
3 2
4 1
#109
count=0
1 2
1 3
1 4
2 1
2 3
3 2
4 1
#110
count=0
1 3
2 4
3 2
4 1
#111
count=0
1 2
1 3
2 4
3 2
4 1
#112
count=0
1 3
1 4
2 4
3 2
4 1
#113
count=0
1 2
1 3
1 4
2 4
3 2
4 1
#114
count=0
1 2
1 3
2 1
2 4
3 2
4 1
#115
count=0
1 3
1 4
2 1
2 4
3 2
4 1
#116
count=0
1 2
1 3
1 4
2 1
2 4
3 2
4 1
#117
count=0
1 3
1 4
2 3
2 4
3 2
4 1
#118
count=0
1 2
1 3
1 4
2 3
2 4
3 2
4 1
#119
count=0
1 2
1 3
1 4
2 1
2 3
2 4
3 2
4 1
#120
count=0
1 2
2 1
2 3
3 1
3 2
4 1
#121
count=0
1 2
1 3
2 1
2 3
3 1
3 2
4 1
#122
count=0
1 4
2 1
2 3
3 1
3 2
4 1
#123
count=0
1 2
1 4
2 1
2 3
3 1
3 2
4 1
#124
count=0
1 2
1 3
1 4
2 1
2 3
3 1
3 2
4 1
#125
count=0
1 2
2 4
3 1
3 2
4 1
#126
count=0
1 2
1 3
2 4
3 1
3 2
4 1
#127
count=0
1 2
1 4
2 4
3 1
3 2
4 1
#128
count=0
1 3
1 4
2 4
3 1
3 2
4 1
#129
count=0
1 2
1 3
1 4
2 4
3 1
3 2
4 1
#130
count=0
1 2
2 1
2 4
3 1
3 2
4 1
#131
count=0
1 3
2 1
2 4
3 1
3 2
4 1
#132
count=0
1 2
1 3
2 1
2 4
3 1
3 2
4 1
#133
count=0
1 4
2 1
2 4
3 1
3 2
4 1
#134
count=0
1 2
1 4
2 1
2 4
3 1
3 2
4 1
#135
count=0
1 3
1 4
2 1
2 4
3 1
3 2
4 1
#136
count=0
1 2
1 3
1 4
2 1
2 4
3 1
3 2
4 1
#137
count=0
1 2
2 3
2 4
3 1
3 2
4 1
#138
count=0
1 2
1 3
2 3
2 4
3 1
3 2
4 1
#139
count=0
1 4
2 3
2 4
3 1
3 2
4 1
#140
count=0
1 2
1 4
2 3
2 4
3 1
3 2
4 1
#141
count=0
1 3
1 4
2 3
2 4
3 1
3 2
4 1
#142
count=0
1 2
1 3
1 4
2 3
2 4
3 1
3 2
4 1
#143
count=0
1 2
2 1
2 3
2 4
3 1
3 2
4 1
#144
count=0
1 3
2 1
2 3
2 4
3 1
3 2
4 1
#145
count=0
1 2
1 3
2 1
2 3
2 4
3 1
3 2
4 1
#146
count=0
1 4
2 1
2 3
2 4
3 1
3 2
4 1
#147
count=0
1 2
1 4
2 1
2 3
2 4
3 1
3 2
4 1
#148
count=0
1 3
1 4
2 1
2 3
2 4
3 1
3 2
4 1
#149
count=0
1 2
1 3
1 4
2 1
2 3
2 4
3 1
3 2
4 1
#150
count=0
1 2
1 3
2 3
2 4
3 4
4 1
#151
count=0
1 3
1 4
2 3
2 4
3 4
4 1
#152
count=0
1 2
1 3
1 4
2 3
2 4
3 4
4 1
#153
count=0
1 3
2 1
2 3
2 4
3 4
4 1
#154
count=0
1 2
1 3
2 1
2 3
2 4
3 4
4 1
#155
count=0
1 3
1 4
2 1
2 3
2 4
3 4
4 1
#156
count=0
1 2
1 3
1 4
2 1
2 3
2 4
3 4
4 1
#157
count=0
1 2
1 3
2 1
2 4
3 1
3 4
4 1
#158
count=0
1 4
2 1
2 4
3 1
3 4
4 1
#159
count=0
1 2
1 4
2 1
2 4
3 1
3 4
4 1
#160
count=0
1 2
1 3
1 4
2 1
2 4
3 1
3 4
4 1
#161
count=0
1 2
1 3
2 3
2 4
3 1
3 4
4 1
#162
count=0
1 2
1 4
2 3
2 4
3 1
3 4
4 1
#163
count=0
1 3
1 4
2 3
2 4
3 1
3 4
4 1
#164
count=0
1 2
1 3
1 4
2 3
2 4
3 1
3 4
4 1
#165
count=0
1 2
1 3
2 1
2 3
2 4
3 1
3 4
4 1
#166
count=0
1 4
2 1
2 3
2 4
3 1
3 4
4 1
#167
count=0
1 2
1 4
2 1
2 3
2 4
3 1
3 4
4 1
#168
count=0
1 3
1 4
2 1
2 3
2 4
3 1
3 4
4 1
#169
count=0
1 2
1 3
1 4
2 1
2 3
2 4
3 1
3 4
4 1
#170
count=0
1 2
1 3
2 3
2 4
3 2
3 4
4 1
#171
count=0
1 2
1 4
2 3
2 4
3 2
3 4
4 1
#172
count=0
1 2
1 3
1 4
2 3
2 4
3 2
3 4
4 1
#173
count=0
1 2
1 3
2 1
2 3
2 4
3 2
3 4
4 1
#174
count=0
1 2
1 4
2 1
2 3
2 4
3 2
3 4
4 1
#175
count=0
1 3
1 4
2 1
2 3
2 4
3 2
3 4
4 1
#176
count=0
1 2
1 3
1 4
2 1
2 3
2 4
3 2
3 4
4 1
#177
count=0
1 2
1 3
2 1
2 3
2 4
3 1
3 2
3 4
4 1
#178
count=0
1 4
2 1
2 3
2 4
3 1
3 2
3 4
4 1
#179
count=0
1 2
1 4
2 1
2 3
2 4
3 1
3 2
3 4
4 1
#180
count=0
1 2
1 3
1 4
2 1
2 3
2 4
3 1
3 2
3 4
4 1
#181
count=0
1 2
1 3
2 1
2 3
3 1
3 2
4 1
4 2
#182
count=0
1 2
1 4
2 1
2 3
3 1
3 2
4 1
4 2
#183
count=0
1 3
1 4
2 1
2 3
3 1
3 2
4 1
4 2
#184
count=0
1 2
1 3
1 4
2 1
2 3
3 1
3 2
4 1
4 2
#185
count=0
1 3
1 4
2 3
2 4
3 1
3 2
4 1
4 2
#186
count=0
1 2
1 3
1 4
2 3
2 4
3 1
3 2
4 1
4 2
#187
count=0
1 2
1 3
1 4
2 1
2 3
2 4
3 1
3 2
4 1
4 2
#188
count=0
1 2
1 3
2 1
2 3
3 1
3 4
4 1
4 2
#189
count=0
1 2
1 3
1 4
2 1
2 3
3 1
3 4
4 1
4 2
#190
count=0
1 2
1 3
2 3
2 4
3 1
3 4
4 1
4 2
#191
count=0
1 2
1 3
1 4
2 3
2 4
3 1
3 4
4 1
4 2
#192
count=0
1 2
1 4
2 1
2 3
2 4
3 1
3 4
4 1
4 2
#193
count=0
1 3
1 4
2 1
2 3
2 4
3 1
3 4
4 1
4 2
#194
count=0
1 2
1 3
1 4
2 1
2 3
2 4
3 1
3 4
4 1
4 2
#195
count=0
1 2
1 4
2 1
2 4
3 1
3 2
3 4
4 1
4 2
#196
count=0
1 2
1 3
1 4
2 1
2 4
3 1
3 2
3 4
4 1
4 2
#197
count=0
1 2
1 3
1 4
2 3
2 4
3 1
3 2
3 4
4 1
4 2
#198
count=0
1 2
1 3
1 4
2 1
2 3
2 4
3 1
3 2
3 4
4 1
4 2
#199
count=0
1 2
1 3
1 4
2 1
2 3
2 4
3 1
3 2
3 4
4 1
4 2
4 3
